Correctness Test
test 1: threads = 1, particles = 4, timesteps = 2, size of timestep = 0.01, output frequency = 1

original:
0.00
  0  0.000e+00    0.000e+00    0.000e+00    3.000e+04
  1  1.000e+05    0.000e+00    0.000e+00   -3.000e+04
  2  2.000e+05    0.000e+00    0.000e+00    3.000e+04
  3  3.000e+05    0.000e+00    0.000e+00   -3.000e+04

0.01
  0  0.000e+00    3.000e+02    4.541e+02    3.000e+04
  1  1.000e+05   -3.000e+02    8.341e+01   -3.000e+04
  2  2.000e+05    3.000e+02   -8.341e+01    3.000e+04
  3  3.000e+05   -3.000e+02   -4.541e+02   -3.000e+04

0.02
  0  4.541e+00    6.000e+02    9.083e+02    3.000e+04
  1  1.000e+05   -6.000e+02    1.668e+02   -3.000e+04
  2  2.000e+05    6.000e+02   -1.668e+02    3.000e+04
  3  3.000e+05   -6.000e+02   -9.083e+02   -3.000e+04

part 2a:
0.00
  0  0.000e+00    0.000e+00    0.000e+00    3.000e+04
  1  1.000e+05    0.000e+00    0.000e+00   -3.000e+04
  2  2.000e+05    0.000e+00    0.000e+00    3.000e+04
  3  3.000e+05    0.000e+00    0.000e+00   -3.000e+04

0.01
  0  0.000e+00    3.000e+02    4.541e+02    3.000e+04
  1  1.000e+05   -3.000e+02    8.341e+01   -3.000e+04
  2  2.000e+05    3.000e+02   -8.341e+01    3.000e+04
  3  3.000e+05   -3.000e+02   -4.541e+02   -3.000e+04

0.02
  0  4.541e+00    6.000e+02    9.083e+02    3.000e+04
  1  1.000e+05   -6.000e+02    1.668e+02   -3.000e+04
  2  2.000e+05    6.000e+02   -1.668e+02    3.000e+04
  3  3.000e+05   -6.000e+02   -9.083e+02   -3.000e+04

test 2: threads = 2, particles = 4, timesteps = 2, size of timestep = 0.01, output frequency = 1

original:
0.00
  0  0.000e+00    0.000e+00    0.000e+00    3.000e+04
  1  1.000e+05    0.000e+00    0.000e+00   -3.000e+04
  2  2.000e+05    0.000e+00    0.000e+00    3.000e+04
  3  3.000e+05    0.000e+00    0.000e+00   -3.000e+04

0.01
  0  0.000e+00    3.000e+02    4.541e+02    3.000e+04
  1  1.000e+05   -3.000e+02    8.341e+01   -3.000e+04
  2  2.000e+05    3.000e+02   -8.341e+01    3.000e+04
  3  3.000e+05   -3.000e+02   -4.541e+02   -3.000e+04

0.02
  0  4.541e+00    6.000e+02    9.083e+02    3.000e+04
  1  1.000e+05   -6.000e+02    1.668e+02   -3.000e+04
  2  2.000e+05    6.000e+02   -1.668e+02    3.000e+04
  3  3.000e+05   -6.000e+02   -9.083e+02   -3.000e+04

part 2a:
0.00
  0  0.000e+00    0.000e+00    0.000e+00    3.000e+04
  1  1.000e+05    0.000e+00    0.000e+00   -3.000e+04
  2  2.000e+05    0.000e+00    0.000e+00    3.000e+04
  3  3.000e+05    0.000e+00    0.000e+00   -3.000e+04

0.01
  0  0.000e+00    3.000e+02    4.541e+02    3.000e+04
  1  1.000e+05   -3.000e+02    8.341e+01   -3.000e+04
  2  2.000e+05    3.000e+02   -8.341e+01    3.000e+04
  3  3.000e+05   -3.000e+02   -4.541e+02   -3.000e+04

0.02
  0  4.541e+00    6.000e+02    9.083e+02    3.000e+04
  1  1.000e+05   -6.000e+02    1.668e+02   -3.000e+04
  2  2.000e+05    6.000e+02   -1.668e+02    3.000e+04
  3  3.000e+05   -6.000e+02   -9.083e+02   -3.000e+04


test 3: threads = 4, particles = 8, timesteps = 2, size of timestep = 0.01, output frequency = 1

original:
0.00
  0  0.000e+00    0.000e+00    0.000e+00    3.000e+04
  1  1.000e+05    0.000e+00    0.000e+00   -3.000e+04
  2  2.000e+05    0.000e+00    0.000e+00    3.000e+04
  3  3.000e+05    0.000e+00    0.000e+00   -3.000e+04
  4  4.000e+05    0.000e+00    0.000e+00    3.000e+04
  5  5.000e+05    0.000e+00    0.000e+00   -3.000e+04
  6  6.000e+05    0.000e+00    0.000e+00    3.000e+04
  7  7.000e+05    0.000e+00    0.000e+00   -3.000e+04

0.01
  0  0.000e+00    3.000e+02    5.044e+02    3.000e+04
  1  1.000e+05   -3.000e+02    1.640e+02   -3.000e+04
  2  2.000e+05    3.000e+02    7.127e+01    3.000e+04
  3  3.000e+05   -3.000e+02    2.085e+01   -3.000e+04
  4  4.000e+05    3.000e+02   -2.085e+01    3.000e+04
  5  5.000e+05   -3.000e+02   -7.127e+01   -3.000e+04
  6  6.000e+05    3.000e+02   -1.640e+02    3.000e+04
  7  7.000e+05   -3.000e+02   -5.044e+02   -3.000e+04

0.02
  0  5.044e+00    6.000e+02    1.009e+03    3.000e+04
  1  1.000e+05   -6.000e+02    3.279e+02   -3.000e+04
  2  2.000e+05    6.000e+02    1.425e+02    3.000e+04
  3  3.000e+05   -6.000e+02    4.171e+01   -3.000e+04
  4  4.000e+05    6.000e+02   -4.171e+01    3.000e+04
  5  5.000e+05   -6.000e+02   -1.425e+02   -3.000e+04
  6  6.000e+05    6.000e+02   -3.279e+02    3.000e+04
  7  7.000e+05   -6.000e+02   -1.009e+03   -3.000e+04

part 2a:
0.00
  0  0.000e+00    0.000e+00    0.000e+00    3.000e+04
  1  1.000e+05    0.000e+00    0.000e+00   -3.000e+04
  2  2.000e+05    0.000e+00    0.000e+00    3.000e+04
  3  3.000e+05    0.000e+00    0.000e+00   -3.000e+04
  4  4.000e+05    0.000e+00    0.000e+00    3.000e+04
  5  5.000e+05    0.000e+00    0.000e+00   -3.000e+04
  6  6.000e+05    0.000e+00    0.000e+00    3.000e+04
  7  7.000e+05    0.000e+00    0.000e+00   -3.000e+04

0.01
  0  0.000e+00    3.000e+02    5.044e+02    3.000e+04
  1  1.000e+05   -3.000e+02    1.640e+02   -3.000e+04
  2  2.000e+05    3.000e+02    7.127e+01    3.000e+04
  3  3.000e+05   -3.000e+02    2.085e+01   -3.000e+04
  4  4.000e+05    3.000e+02   -2.085e+01    3.000e+04
  5  5.000e+05   -3.000e+02   -7.127e+01   -3.000e+04
  6  6.000e+05    3.000e+02   -1.640e+02    3.000e+04
  7  7.000e+05   -3.000e+02   -5.044e+02   -3.000e+04

0.02
  0  5.044e+00    6.000e+02    1.009e+03    3.000e+04
  1  1.000e+05   -6.000e+02    3.279e+02   -3.000e+04
  2  2.000e+05    6.000e+02    1.425e+02    3.000e+04
  3  3.000e+05   -6.000e+02    4.171e+01   -3.000e+04
  4  4.000e+05    6.000e+02   -4.171e+01    3.000e+04
  5  5.000e+05   -6.000e+02   -1.425e+02   -3.000e+04
  6  6.000e+05    6.000e+02   -3.279e+02    3.000e+04
  7  7.000e+05   -6.000e+02   -1.009e+03   -3.000e+04

Performance Test
test 1: threads = 1, particles = 2000, timesteps = 50, size of timestep = 0.01

original:
time 1: 3.626264e-01 seconds
time 2: 3.694586e-01 seconds
time 3: 3.746029e-01 seconds
mean = 0.3689s

part 2a:
time 1: 1.929202e+00 seconds
time 2: 1.879569e+00 seconds
time 3: 1.905882e+00 seconds
mean = 1.9049s

test 2: threads = 2, particles = 2000, timesteps = 50, size of timestep = 0.01

original:
time 1: 3.600133e-01 seconds
time 2: 3.744308e-01 seconds
time 3: 3.717131e-01 seconds
mean = 0.3687s

part 2a:
time 1: 2.011152e+00 seconds
time 2: 2.023347e+00 seconds
time 3: 2.022116e+00 seconds
mean = 2.0189s

s2 = 1.9049/2.0189 = 0.94
e2 = 0.94/2*100% = 47%

test 3: threads = 4, particles = 2000, timesteps = 50, size of timestep = 0.01

original:
time 1: 3.619476e-01 seconds
time 2: 3.643764e-01 seconds
time 3: 3.568455e-01 seconds
mean = 0.3611s

part 2a:
time 1: 2.022446e+00 seconds
time 2: 1.958855e+00 seconds
time 3: 1.971927e+00 seconds
mean = 1.9844s

s4 = 1.9049/1.9844 = 0.96
e4 = 0.96/4*100% = 24%