Correctness Test
test 1: processes = 1, particles = 4, timesteps = 2, size of timestep = 0.01, output frequency = 1

original:
0.00
  0  0.000e+00    0.000e+00    0.000e+00    3.000e+04
  1  1.000e+05    0.000e+00    0.000e+00   -3.000e+04
  2  2.000e+05    0.000e+00    0.000e+00    3.000e+04
  3  3.000e+05    0.000e+00    0.000e+00   -3.000e+04

0.01
  0  0.000e+00    3.000e+02    4.541e+02    3.000e+04
  1  1.000e+05   -3.000e+02    8.341e+01   -3.000e+04
  2  2.000e+05    3.000e+02   -8.341e+01    3.000e+04
  3  3.000e+05   -3.000e+02   -4.541e+02   -3.000e+04

0.02
  0  4.541e+00    6.000e+02    9.083e+02    3.000e+04
  1  1.000e+05   -6.000e+02    1.668e+02   -3.000e+04
  2  2.000e+05    6.000e+02   -1.668e+02    3.000e+04
  3  3.000e+05   -6.000e+02   -9.083e+02   -3.000e+04

part 1a:
0.00
  0  0.000e+00    0.000e+00    0.000e+00    3.000e+04
  1  1.000e+05    0.000e+00    0.000e+00   -3.000e+04
  2  2.000e+05    0.000e+00    0.000e+00    3.000e+04
  3  3.000e+05    0.000e+00    0.000e+00   -3.000e+04

0.01
  0  0.000e+00    3.000e+02    4.541e+02    3.000e+04
  1  1.000e+05   -3.000e+02    8.341e+01   -3.000e+04
  2  2.000e+05    3.000e+02   -8.341e+01    3.000e+04
  3  3.000e+05   -3.000e+02   -4.541e+02   -3.000e+04

0.02
  0  4.541e+00    6.000e+02    9.083e+02    3.000e+04
  1  1.000e+05   -6.000e+02    1.668e+02   -3.000e+04
  2  2.000e+05    6.000e+02   -1.668e+02    3.000e+04
  3  3.000e+05   -6.000e+02   -9.083e+02   -3.000e+04

test 2: processes = 2, particles = 4, timesteps = 2, size of timestep = 0.01, output frequency = 1

original:
0.00
  0  0.000e+00    0.000e+00    0.000e+00    3.000e+04
  1  1.000e+05    0.000e+00    0.000e+00   -3.000e+04
  2  2.000e+05    0.000e+00    0.000e+00    3.000e+04
  3  3.000e+05    0.000e+00    0.000e+00   -3.000e+04

0.01
  0  0.000e+00    3.000e+02    4.541e+02    3.000e+04
  1  1.000e+05   -3.000e+02    8.341e+01   -3.000e+04
  2  2.000e+05    3.000e+02   -8.341e+01    3.000e+04
  3  3.000e+05   -3.000e+02   -4.541e+02   -3.000e+04

0.02
  0  4.541e+00    6.000e+02    9.083e+02    3.000e+04
  1  1.000e+05   -6.000e+02    1.668e+02   -3.000e+04
  2  2.000e+05    6.000e+02   -1.668e+02    3.000e+04
  3  3.000e+05   -6.000e+02   -9.083e+02   -3.000e+04

part 1a:
0.00
  0  0.000e+00    0.000e+00    0.000e+00    3.000e+04
  1  1.000e+05    0.000e+00    0.000e+00   -3.000e+04
  2  2.000e+05    0.000e+00    0.000e+00    3.000e+04
  3  3.000e+05    0.000e+00    0.000e+00   -3.000e+04

0.01
  0  0.000e+00    3.000e+02    4.541e+02    3.000e+04
  1  1.000e+05   -3.000e+02    8.341e+01   -3.000e+04
  2  2.000e+05    3.000e+02   -8.341e+01    3.000e+04
  3  3.000e+05   -3.000e+02   -4.541e+02   -3.000e+04

0.02
  0  4.541e+00    6.000e+02    9.083e+02    3.000e+04
  1  1.000e+05   -6.000e+02    1.668e+02   -3.000e+04
  2  2.000e+05    6.000e+02   -1.668e+02    3.000e+04
  3  3.000e+05   -6.000e+02   -9.083e+02   -3.000e+04

test 3: processes = 4, particles = 8, timesteps = 2, size of timestep = 0.01, output frequency = 1

original:
0.00
  0  0.000e+00    0.000e+00    0.000e+00    3.000e+04
  1  1.000e+05    0.000e+00    0.000e+00   -3.000e+04
  2  2.000e+05    0.000e+00    0.000e+00    3.000e+04
  3  3.000e+05    0.000e+00    0.000e+00   -3.000e+04
  4  4.000e+05    0.000e+00    0.000e+00    3.000e+04
  5  5.000e+05    0.000e+00    0.000e+00   -3.000e+04
  6  6.000e+05    0.000e+00    0.000e+00    3.000e+04
  7  7.000e+05    0.000e+00    0.000e+00   -3.000e+04

0.01
  0  0.000e+00    3.000e+02    5.044e+02    3.000e+04
  1  1.000e+05   -3.000e+02    1.640e+02   -3.000e+04
  2  2.000e+05    3.000e+02    7.127e+01    3.000e+04
  3  3.000e+05   -3.000e+02    2.085e+01   -3.000e+04
  4  4.000e+05    3.000e+02   -2.085e+01    3.000e+04
  5  5.000e+05   -3.000e+02   -7.127e+01   -3.000e+04
  6  6.000e+05    3.000e+02   -1.640e+02    3.000e+04
  7  7.000e+05   -3.000e+02   -5.044e+02   -3.000e+04

0.02
  0  5.044e+00    6.000e+02    1.009e+03    3.000e+04
  1  1.000e+05   -6.000e+02    3.279e+02   -3.000e+04
  2  2.000e+05    6.000e+02    1.425e+02    3.000e+04
  3  3.000e+05   -6.000e+02    4.171e+01   -3.000e+04
  4  4.000e+05    6.000e+02   -4.171e+01    3.000e+04
  5  5.000e+05   -6.000e+02   -1.425e+02   -3.000e+04
  6  6.000e+05    6.000e+02   -3.279e+02    3.000e+04
  7  7.000e+05   -6.000e+02   -1.009e+03   -3.000e+04

part 1a:
0.00
  0  0.000e+00    0.000e+00    0.000e+00    3.000e+04
  1  1.000e+05    0.000e+00    0.000e+00   -3.000e+04
  2  2.000e+05    0.000e+00    0.000e+00    3.000e+04
  3  3.000e+05    0.000e+00    0.000e+00   -3.000e+04
  4  4.000e+05    0.000e+00    0.000e+00    3.000e+04
  5  5.000e+05    0.000e+00    0.000e+00   -3.000e+04
  6  6.000e+05    0.000e+00    0.000e+00    3.000e+04
  7  7.000e+05    0.000e+00    0.000e+00   -3.000e+04

0.01
  0  0.000e+00    3.000e+02    5.044e+02    3.000e+04
  1  1.000e+05   -3.000e+02    1.640e+02   -3.000e+04
  2  2.000e+05    3.000e+02    7.127e+01    3.000e+04
  3  3.000e+05   -3.000e+02    2.085e+01   -3.000e+04
  4  4.000e+05    3.000e+02   -2.085e+01    3.000e+04
  5  5.000e+05   -3.000e+02   -7.127e+01   -3.000e+04
  6  6.000e+05    3.000e+02   -1.640e+02    3.000e+04
  7  7.000e+05   -3.000e+02   -5.044e+02   -3.000e+04

0.02
  0  5.044e+00    6.000e+02    1.009e+03    3.000e+04
  1  1.000e+05   -6.000e+02    3.279e+02   -3.000e+04
  2  2.000e+05    6.000e+02    1.425e+02    3.000e+04
  3  3.000e+05   -6.000e+02    4.171e+01   -3.000e+04
  4  4.000e+05    6.000e+02   -4.171e+01    3.000e+04
  5  5.000e+05   -6.000e+02   -1.425e+02   -3.000e+04
  6  6.000e+05    6.000e+02   -3.279e+02    3.000e+04
  7  7.000e+05   -6.000e+02   -1.009e+03   -3.000e+04

Performance Test
test 1: processes = 1, particles = 2000, timesteps = 50, size of timestep = 0.01

original:
time 1: 9.140977e-01 seconds
time 2: 9.110444e-01 seconds
time 3: 9.065394e-01 seconds

part 1a:
time 1: 9.273129e-01 seconds
time 2: 8.930384e-01 seconds
time 3: 9.080469e-01 seconds

test 2: processes = 2, particles = 2000, timesteps = 50, size of timestep = 0.01

original:
time 1: 4.868415e-01 seconds
time 2: 4.697482e-01 seconds
time 3: 4.740025e-01 seconds

part 1a:
time 1: 4.819394e-01 seconds
time 2: 4.704090e-01 seconds
time 3: 4.889265e-01 seconds

test 3: processes = 4, particles = 2000, timesteps = 50, size of timestep = 0.01

original:
time 1: 2.511917e-01 seconds
time 2: 2.621910e-01 seconds
time 3: 3.053378e-01 seconds

part 1a:
time 1: 2.512025e-01 seconds
time 2: 2.415765e-01 seconds
time 3: 3.030855e-01 seconds