Correctness Test
test 1: processes = 1, particles = 4, timesteps = 2, size of timestep = 0.01, output frequency = 1

original:
0.00
  0  0.000e+00    0.000e+00    0.000e+00    3.000e+04
  1  1.000e+05    0.000e+00    0.000e+00   -3.000e+04
  2  2.000e+05    0.000e+00    0.000e+00    3.000e+04
  3  3.000e+05    0.000e+00    0.000e+00   -3.000e+04

0.01
  0  0.000e+00    3.000e+02    4.541e+02    3.000e+04
  1  1.000e+05   -3.000e+02    8.341e+01   -3.000e+04
  2  2.000e+05    3.000e+02   -8.341e+01    3.000e+04
  3  3.000e+05   -3.000e+02   -4.541e+02   -3.000e+04

0.02
  0  4.541e+00    6.000e+02    9.083e+02    3.000e+04
  1  1.000e+05   -6.000e+02    1.668e+02   -3.000e+04
  2  2.000e+05    6.000e+02   -1.668e+02    3.000e+04
  3  3.000e+05   -6.000e+02   -9.083e+02   -3.000e+04

part 1b:
0.00
  0  0.000e+00    0.000e+00    0.000e+00    3.000e+04
  1  1.000e+05    0.000e+00    0.000e+00   -3.000e+04
  2  2.000e+05    0.000e+00    0.000e+00    3.000e+04
  3  3.000e+05    0.000e+00    0.000e+00   -3.000e+04

0.01
  0  0.000e+00    3.000e+02    4.541e+02    3.000e+04
  1  1.000e+05   -3.000e+02    8.341e+01   -3.000e+04
  2  2.000e+05    3.000e+02   -8.341e+01    3.000e+04
  3  3.000e+05   -3.000e+02   -4.541e+02   -3.000e+04

0.02
  0  4.541e+00    6.000e+02    9.083e+02    3.000e+04
  1  1.000e+05   -6.000e+02    1.668e+02   -3.000e+04
  2  2.000e+05    6.000e+02   -1.668e+02    3.000e+04
  3  3.000e+05   -6.000e+02   -9.083e+02   -3.000e+04

test 2: processes = 2, particles = 4, timesteps = 2, size of timestep = 0.01, output frequency = 1

original:
0.00
  0  0.000e+00    0.000e+00    0.000e+00    3.000e+04
  1  1.000e+05    0.000e+00    0.000e+00   -3.000e+04
  2  2.000e+05    0.000e+00    0.000e+00    3.000e+04
  3  3.000e+05    0.000e+00    0.000e+00   -3.000e+04

0.01
  0  0.000e+00    3.000e+02    4.541e+02    3.000e+04
  1  1.000e+05   -3.000e+02    8.341e+01   -3.000e+04
  2  2.000e+05    3.000e+02   -8.341e+01    3.000e+04
  3  3.000e+05   -3.000e+02   -4.541e+02   -3.000e+04

0.02
  0  4.541e+00    6.000e+02    9.083e+02    3.000e+04
  1  1.000e+05   -6.000e+02    1.668e+02   -3.000e+04
  2  2.000e+05    6.000e+02   -1.668e+02    3.000e+04
  3  3.000e+05   -6.000e+02   -9.083e+02   -3.000e+04

part 1b:
0.00
  0  0.000e+00    0.000e+00    0.000e+00    3.000e+04
  1  1.000e+05    0.000e+00    0.000e+00   -3.000e+04
  2  2.000e+05    0.000e+00    0.000e+00    3.000e+04
  3  3.000e+05    0.000e+00    0.000e+00   -3.000e+04

0.01
  0  0.000e+00    3.000e+02    4.541e+02    3.000e+04
  1  1.000e+05   -3.000e+02    8.341e+01   -3.000e+04
  2  2.000e+05    3.000e+02   -8.341e+01    3.000e+04
  3  3.000e+05   -3.000e+02   -4.541e+02   -3.000e+04

0.02
  0  4.541e+00    6.000e+02    9.083e+02    3.000e+04
  1  1.000e+05   -6.000e+02    1.668e+02   -3.000e+04
  2  2.000e+05    6.000e+02   -1.668e+02    3.000e+04
  3  3.000e+05   -6.000e+02   -9.083e+02   -3.000e+04

test 3: processes = 4, particles = 8, timesteps = 2, size of timestep = 0.01, output frequency = 1

original:
0.00
  0  0.000e+00    0.000e+00    0.000e+00    3.000e+04
  1  1.000e+05    0.000e+00    0.000e+00   -3.000e+04
  2  2.000e+05    0.000e+00    0.000e+00    3.000e+04
  3  3.000e+05    0.000e+00    0.000e+00   -3.000e+04
  4  4.000e+05    0.000e+00    0.000e+00    3.000e+04
  5  5.000e+05    0.000e+00    0.000e+00   -3.000e+04
  6  6.000e+05    0.000e+00    0.000e+00    3.000e+04
  7  7.000e+05    0.000e+00    0.000e+00   -3.000e+04

0.01
  0  0.000e+00    3.000e+02    5.044e+02    3.000e+04
  1  1.000e+05   -3.000e+02    1.640e+02   -3.000e+04
  2  2.000e+05    3.000e+02    7.127e+01    3.000e+04
  3  3.000e+05   -3.000e+02    2.085e+01   -3.000e+04
  4  4.000e+05    3.000e+02   -2.085e+01    3.000e+04
  5  5.000e+05   -3.000e+02   -7.127e+01   -3.000e+04
  6  6.000e+05    3.000e+02   -1.640e+02    3.000e+04
  7  7.000e+05   -3.000e+02   -5.044e+02   -3.000e+04

0.02
  0  5.044e+00    6.000e+02    1.009e+03    3.000e+04
  1  1.000e+05   -6.000e+02    3.279e+02   -3.000e+04
  2  2.000e+05    6.000e+02    1.425e+02    3.000e+04
  3  3.000e+05   -6.000e+02    4.171e+01   -3.000e+04
  4  4.000e+05    6.000e+02   -4.171e+01    3.000e+04
  5  5.000e+05   -6.000e+02   -1.425e+02   -3.000e+04
  6  6.000e+05    6.000e+02   -3.279e+02    3.000e+04
  7  7.000e+05   -6.000e+02   -1.009e+03   -3.000e+04

part 1b:
0.00
  0  0.000e+00    0.000e+00    0.000e+00    3.000e+04
  1  1.000e+05    0.000e+00    0.000e+00   -3.000e+04
  2  2.000e+05    0.000e+00    0.000e+00    3.000e+04
  3  3.000e+05    0.000e+00    0.000e+00   -3.000e+04
  4  4.000e+05    0.000e+00    0.000e+00    3.000e+04
  5  5.000e+05    0.000e+00    0.000e+00   -3.000e+04
  6  6.000e+05    0.000e+00    0.000e+00    3.000e+04
  7  7.000e+05    0.000e+00    0.000e+00   -3.000e+04

0.01
  0  0.000e+00    3.000e+02    5.044e+02    3.000e+04
  1  1.000e+05   -3.000e+02    1.640e+02   -3.000e+04
  2  2.000e+05    3.000e+02    7.127e+01    3.000e+04
  3  3.000e+05   -3.000e+02    2.085e+01   -3.000e+04
  4  4.000e+05    3.000e+02   -2.085e+01    3.000e+04
  5  5.000e+05   -3.000e+02   -7.127e+01   -3.000e+04
  6  6.000e+05    3.000e+02   -1.640e+02    3.000e+04
  7  7.000e+05   -3.000e+02   -5.044e+02   -3.000e+04

0.02
  0  5.044e+00    6.000e+02    1.009e+03    3.000e+04
  1  1.000e+05   -6.000e+02    3.279e+02   -3.000e+04
  2  2.000e+05    6.000e+02    1.425e+02    3.000e+04
  3  3.000e+05   -6.000e+02    4.171e+01   -3.000e+04
  4  4.000e+05    6.000e+02   -4.171e+01    3.000e+04
  5  5.000e+05   -6.000e+02   -1.425e+02   -3.000e+04
  6  6.000e+05    6.000e+02   -3.279e+02    3.000e+04
  7  7.000e+05   -6.000e+02   -1.009e+03   -3.000e+04

Performance Test
test 1: processes = 1, particles = 2000, timesteps = 50, size of timestep = 0.01

original:
time 1: 9.161820e-01 seconds
time 2: 9.047340e-01 seconds
time 3: 8.921773e-01 seconds

part 1b:
time 1: 9.049566e-01 seconds
time 2: 9.131706e-01 seconds
time 3: 9.691935e-01 seconds

test 2: processes = 2, particles = 2000, timesteps = 50, size of timestep = 0.01

original:
time 1: 4.649247e-01 seconds
time 2: 4.631127e-01 seconds
time 3: 4.771371e-01 seconds

part 1b:
time 1: 4.649466e-01 seconds
time 2: 4.715339e-01 seconds
time 3: 4.743155e-01 seconds

test 3: processes = 4, particles = 2000, timesteps = 50, size of timestep = 0.01

original:
time 1: 2.440034e-01 seconds
time 2: 2.571029e-01 seconds
time 3: 2.469209e-01 seconds

part 1b:
time 1: 2.414396e-01 seconds
time 2: 2.508204e-01 seconds
time 3: 2.505388e-01 seconds