Correctness Test
test 1: threads = 1, particles = 4, timesteps = 2, size of timestep = 0.01, output frequency = 1

original:
0.00
  0  0.000e+00    0.000e+00    0.000e+00    3.000e+04
  1  1.000e+05    0.000e+00    0.000e+00   -3.000e+04
  2  2.000e+05    0.000e+00    0.000e+00    3.000e+04
  3  3.000e+05    0.000e+00    0.000e+00   -3.000e+04

0.01
  0  0.000e+00    3.000e+02    4.541e+02    3.000e+04
  1  1.000e+05   -3.000e+02    8.341e+01   -3.000e+04
  2  2.000e+05    3.000e+02   -8.341e+01    3.000e+04
  3  3.000e+05   -3.000e+02   -4.541e+02   -3.000e+04

0.02
  0  4.541e+00    6.000e+02    9.083e+02    3.000e+04
  1  1.000e+05   -6.000e+02    1.668e+02   -3.000e+04
  2  2.000e+05    6.000e+02   -1.668e+02    3.000e+04
  3  3.000e+05   -6.000e+02   -9.083e+02   -3.000e+04

part 2a:
0.00
  0  0.000e+00    0.000e+00    0.000e+00    3.000e+04
  1  1.000e+05    0.000e+00    0.000e+00   -3.000e+04
  2  2.000e+05    0.000e+00    0.000e+00    3.000e+04
  3  3.000e+05    0.000e+00    0.000e+00   -3.000e+04

0.01
  0  0.000e+00    3.000e+02    4.541e+02    3.000e+04
  1  1.000e+05   -3.000e+02    8.341e+01   -3.000e+04
  2  2.000e+05    3.000e+02   -8.341e+01    3.000e+04
  3  3.000e+05   -3.000e+02   -4.541e+02   -3.000e+04

0.02
  0  4.541e+00    6.000e+02    9.083e+02    3.000e+04
  1  1.000e+05   -6.000e+02    1.668e+02   -3.000e+04
  2  2.000e+05    6.000e+02   -1.668e+02    3.000e+04
  3  3.000e+05   -6.000e+02   -9.083e+02   -3.000e+04

test 2: threads = 2, particles = 4, timesteps = 2, size of timestep = 0.01, output frequency = 1

original:
0.00
  0  0.000e+00    0.000e+00    0.000e+00    3.000e+04
  1  1.000e+05    0.000e+00    0.000e+00   -3.000e+04
  2  2.000e+05    0.000e+00    0.000e+00    3.000e+04
  3  3.000e+05    0.000e+00    0.000e+00   -3.000e+04

0.01
  0  0.000e+00    3.000e+02    4.541e+02    3.000e+04
  1  1.000e+05   -3.000e+02    8.341e+01   -3.000e+04
  2  2.000e+05    3.000e+02   -8.341e+01    3.000e+04
  3  3.000e+05   -3.000e+02   -4.541e+02   -3.000e+04

0.02
  0  4.541e+00    6.000e+02    9.083e+02    3.000e+04
  1  1.000e+05   -6.000e+02    1.668e+02   -3.000e+04
  2  2.000e+05    6.000e+02   -1.668e+02    3.000e+04
  3  3.000e+05   -6.000e+02   -9.083e+02   -3.000e+04

part 2a:
0.00
  0  0.000e+00    0.000e+00    0.000e+00    3.000e+04
  1  1.000e+05    0.000e+00    0.000e+00   -3.000e+04
  2  2.000e+05    0.000e+00    0.000e+00    3.000e+04
  3  3.000e+05    0.000e+00    0.000e+00   -3.000e+04

0.01
  0  0.000e+00    3.000e+02    4.541e+02    3.000e+04
  1  1.000e+05   -3.000e+02    8.341e+01   -3.000e+04
  2  2.000e+05    3.000e+02   -8.341e+01    3.000e+04
  3  3.000e+05   -3.000e+02   -4.541e+02   -3.000e+04

0.02
  0  4.541e+00    6.000e+02    9.083e+02    3.000e+04
  1  1.000e+05   -6.000e+02    1.668e+02   -3.000e+04
  2  2.000e+05    6.000e+02   -1.668e+02    3.000e+04
  3  3.000e+05   -6.000e+02   -9.083e+02   -3.000e+04


test 3: threads = 4, particles = 8, timesteps = 2, size of timestep = 0.01, output frequency = 1

original:
0.00
  0  0.000e+00    0.000e+00    0.000e+00    3.000e+04
  1  1.000e+05    0.000e+00    0.000e+00   -3.000e+04
  2  2.000e+05    0.000e+00    0.000e+00    3.000e+04
  3  3.000e+05    0.000e+00    0.000e+00   -3.000e+04
  4  4.000e+05    0.000e+00    0.000e+00    3.000e+04
  5  5.000e+05    0.000e+00    0.000e+00   -3.000e+04
  6  6.000e+05    0.000e+00    0.000e+00    3.000e+04
  7  7.000e+05    0.000e+00    0.000e+00   -3.000e+04

0.01
  0  0.000e+00    3.000e+02    5.044e+02    3.000e+04
  1  1.000e+05   -3.000e+02    1.640e+02   -3.000e+04
  2  2.000e+05    3.000e+02    7.127e+01    3.000e+04
  3  3.000e+05   -3.000e+02    2.085e+01   -3.000e+04
  4  4.000e+05    3.000e+02   -2.085e+01    3.000e+04
  5  5.000e+05   -3.000e+02   -7.127e+01   -3.000e+04
  6  6.000e+05    3.000e+02   -1.640e+02    3.000e+04
  7  7.000e+05   -3.000e+02   -5.044e+02   -3.000e+04

0.02
  0  5.044e+00    6.000e+02    1.009e+03    3.000e+04
  1  1.000e+05   -6.000e+02    3.279e+02   -3.000e+04
  2  2.000e+05    6.000e+02    1.425e+02    3.000e+04
  3  3.000e+05   -6.000e+02    4.171e+01   -3.000e+04
  4  4.000e+05    6.000e+02   -4.171e+01    3.000e+04
  5  5.000e+05   -6.000e+02   -1.425e+02   -3.000e+04
  6  6.000e+05    6.000e+02   -3.279e+02    3.000e+04
  7  7.000e+05   -6.000e+02   -1.009e+03   -3.000e+04

part 2a:
0.00
  0  0.000e+00    0.000e+00    0.000e+00    3.000e+04
  1  1.000e+05    0.000e+00    0.000e+00   -3.000e+04
  2  2.000e+05    0.000e+00    0.000e+00    3.000e+04
  3  3.000e+05    0.000e+00    0.000e+00   -3.000e+04
  4  4.000e+05    0.000e+00    0.000e+00    3.000e+04
  5  5.000e+05    0.000e+00    0.000e+00   -3.000e+04
  6  6.000e+05    0.000e+00    0.000e+00    3.000e+04
  7  7.000e+05    0.000e+00    0.000e+00   -3.000e+04

0.01
  0  0.000e+00    3.000e+02    5.044e+02    3.000e+04
  1  1.000e+05   -3.000e+02    1.640e+02   -3.000e+04
  2  2.000e+05    3.000e+02    7.127e+01    3.000e+04
  3  3.000e+05   -3.000e+02    2.085e+01   -3.000e+04
  4  4.000e+05    3.000e+02   -2.085e+01    3.000e+04
  5  5.000e+05   -3.000e+02   -7.127e+01   -3.000e+04
  6  6.000e+05    3.000e+02   -1.640e+02    3.000e+04
  7  7.000e+05   -3.000e+02   -5.044e+02   -3.000e+04

0.02
  0  5.044e+00    6.000e+02    1.009e+03    3.000e+04
  1  1.000e+05   -6.000e+02    3.279e+02   -3.000e+04
  2  2.000e+05    6.000e+02    1.425e+02    3.000e+04
  3  3.000e+05   -6.000e+02    4.171e+01   -3.000e+04
  4  4.000e+05    6.000e+02   -4.171e+01    3.000e+04
  5  5.000e+05   -6.000e+02   -1.425e+02   -3.000e+04
  6  6.000e+05    6.000e+02   -3.279e+02    3.000e+04
  7  7.000e+05   -6.000e+02   -1.009e+03   -3.000e+04

Performance Test
test 1: threads = 1, particles = 2000, timesteps = 50, size of timestep = 0.01

original:
time 1: 3.600694e-01 seconds
time 2: 3.517750e-01 seconds
time 3: 3.647193e-01 seconds
mean = 0.3589s

part 2a:
time 1: 1.262184e+00 seconds
time 2: 1.256153e+00 seconds
time 3: 1.256188e+00 seconds
mean = 1.2582s

test 2: threads = 2, particles = 2000, timesteps = 50, size of timestep = 0.01

original:
time 1: 3.619426e-01 seconds
time 2: 3.671210e-01 seconds
time 3: 3.635286e-01 seconds
mean = 0.3642s

part 2a:
time 1: 2.163994e+00 seconds
time 2: 2.247356e+00 seconds
time 3: 2.289468e+00 seconds
mean = 2.2336s

s2 = 1.2582/2.2336 = 0.56
e2 = 0.56/2*100% = 28%

test 3: threads = 4, particles = 2000, timesteps = 50, size of timestep = 0.01

original:
time 1: 3.563079e-01 seconds
time 2: 3.512852e-01 seconds
time 3: 3.642886e-01 seconds
mean = 0.3573s

part 2a:
time 1: 4.130081e+00 seconds
time 2: 4.059930e+00 seconds
time 3: 4.044290e+00 seconds
mean = 4.0781s

s4 = 1.2582/4.0781 = 0.31
e4 = 0.31/4*100% = 7.7%